        41        41
    -10.00     -9.50     -9.00     -8.50     -8.00     -7.50     -7.00     -6.50     -6.00     -5.50     -5.00     -4.50     -4.00     -3.50     -3.00     -2.50     -2.00     -1.50     -1.00     -0.50      0.00      0.50      1.00      1.50      2.00      2.50      3.00      3.50      4.00      4.50      5.00      5.50      6.00      6.50      7.00      7.50      8.00      8.50      9.00      9.50     10.00
    -10.00     -9.50     -9.00     -8.50     -8.00     -7.50     -7.00     -6.50     -6.00     -5.50     -5.00     -4.50     -4.00     -3.50     -3.00     -2.50     -2.00     -1.50     -1.00     -0.50      0.00      0.50      1.00      1.50      2.00      2.50      3.00      3.50      4.00      4.50      5.00      5.50      6.00      6.50      7.00      7.50      8.00      8.50      9.00      9.50     10.00
   0.07071   0.06825   0.05763   0.04035   0.01855  -0.00531  -0.02885  -0.05004  -0.06741  -0.08011  -0.08792  -0.09115  -0.09050  -0.08691  -0.08139  -0.07496  -0.06849  -0.06273  -0.05823  -0.05538  -0.05440  -0.05538  -0.05823  -0.06273  -0.06849  -0.07496  -0.08139  -0.08691  -0.09050  -0.09115  -0.08792  -0.08011  -0.06741  -0.05004  -0.02885  -0.00531   0.01855   0.04035   0.05763   0.06825   0.07071
   0.06825   0.05683   0.03796   0.01413  -0.01176  -0.03688  -0.05875  -0.07559  -0.08644  -0.09108  -0.09002  -0.08422  -0.07496  -0.06359  -0.05140  -0.03952  -0.02881  -0.01993  -0.01333  -0.00928  -0.00791  -0.00928  -0.01333  -0.01993  -0.02881  -0.03952  -0.05140  -0.06359  -0.07496  -0.08422  -0.09002  -0.09108  -0.08644  -0.07559  -0.05875  -0.03687  -0.01176   0.01414   0.03796   0.05683   0.06825
   0.05763   0.03796   0.01264  -0.01502  -0.04161  -0.06418  -0.08057  -0.08957  -0.09097  -0.08545  -0.07429  -0.05915  -0.04178  -0.02379  -0.00654   0.00898   0.02211   0.03246   0.03987   0.04431   0.04579   0.04431   0.03987   0.03246   0.02211   0.00898  -0.00654  -0.02379  -0.04178  -0.05915  -0.07429  -0.08545  -0.09097  -0.08957  -0.08057  -0.06418  -0.04161  -0.01501   0.01264   0.03796   0.05763
   0.04035   0.01413  -0.01502  -0.04317  -0.06677  -0.08316  -0.09080  -0.08941  -0.07980  -0.06359  -0.04289  -0.01993   0.00326   0.02506   0.04431   0.06041   0.07313   0.08258   0.08902   0.09273   0.09394   0.09273   0.08902   0.08258   0.07313   0.06041   0.04431   0.02505   0.00326  -0.01993  -0.04289  -0.06359  -0.07980  -0.08941  -0.09080  -0.08316  -0.06677  -0.04317  -0.01501   0.01414   0.04035
   0.01855  -0.01176  -0.04161  -0.06677  -0.08395  -0.09115  -0.08786  -0.07496  -0.05440  -0.02881  -0.00097   0.02653   0.05168   0.07313   0.09027   0.10309   0.11206   0.11789   0.12135   0.12313   0.12367   0.12313   0.12135   0.11789   0.11206   0.10309   0.09027   0.07313   0.05168   0.02653  -0.00098  -0.02881  -0.05440  -0.07496  -0.08786  -0.09115  -0.08395  -0.06677  -0.04161  -0.01176   0.01855
  -0.00531  -0.03688  -0.06418  -0.08316  -0.09115  -0.08724  -0.07221  -0.04830  -0.01863   0.01333   0.04431   0.07175   0.09394   0.11020   0.12071   0.12632   0.12829   0.12799   0.12673   0.12554   0.12507   0.12554   0.12673   0.12799   0.12829   0.12632   0.12071   0.11020   0.09394   0.07174   0.04431   0.01332  -0.01863  -0.04830  -0.07222  -0.08724  -0.09115  -0.08316  -0.06418  -0.03687  -0.00531
  -0.02885  -0.05875  -0.08057  -0.09080  -0.08786  -0.07221  -0.04617  -0.01333   0.02211   0.05606   0.08519   0.10727   0.12135   0.12773   0.12760   0.12279   0.11536   0.10728   0.10025   0.09552   0.09385   0.09552   0.10025   0.10728   0.11536   0.12279   0.12760   0.12773   0.12135   0.10726   0.08519   0.05606   0.02210  -0.01333  -0.04617  -0.07222  -0.08786  -0.09080  -0.08057  -0.05875  -0.02885
  -0.05004  -0.07559  -0.08957  -0.08941  -0.07496  -0.04830  -0.01333   0.02506   0.06185   0.09273   0.11469   0.12632   0.12781   0.12067   0.10728   0.09040   0.07275   0.05666   0.04396   0.03587   0.03309   0.03587   0.04396   0.05667   0.07275   0.09040   0.10728   0.12067   0.12781   0.12632   0.11469   0.09273   0.06185   0.02505  -0.01333  -0.04830  -0.07496  -0.08941  -0.08957  -0.07559  -0.05004
  -0.06741  -0.08644  -0.09097  -0.07980  -0.05440  -0.01863   0.02211   0.06185   0.09514   0.11789   0.12791   0.12507   0.11099   0.08861   0.06147   0.03309   0.00654  -0.01591  -0.03273  -0.04308  -0.04657  -0.04308  -0.03273  -0.01591   0.00654   0.03309   0.06147   0.08861   0.11099   0.12507   0.12791   0.11789   0.09514   0.06185   0.02210  -0.01863  -0.05440  -0.07980  -0.09097  -0.08644  -0.06741
  -0.08011  -0.09108  -0.08545  -0.06359  -0.02881   0.01333   0.05606   0.09273   0.11789   0.12820   0.12279   0.10319   0.07275   0.03587  -0.00291  -0.03961  -0.07136  -0.09647  -0.11428  -0.12481  -0.12828  -0.12481  -0.11428  -0.09647  -0.07136  -0.03961  -0.00291   0.03587   0.07275   0.10319   0.12279   0.12820   0.11789   0.09273   0.05606   0.01332  -0.02881  -0.06359  -0.08545  -0.09108  -0.08011
  -0.08792  -0.09002  -0.07429  -0.04289  -0.00097   0.04431   0.08519   0.11469   0.12791   0.12279   0.10025   0.06381   0.01868  -0.02932  -0.07494  -0.11428  -0.14523  -0.16740  -0.18164  -0.18937  -0.19179  -0.18937  -0.18164  -0.16740  -0.14523  -0.11428  -0.07494  -0.02932   0.01869   0.06381   0.10025   0.12279   0.12791   0.11469   0.08519   0.04431  -0.00098  -0.04290  -0.07429  -0.09002  -0.08792
  -0.09115  -0.08422  -0.05915  -0.01993   0.02653   0.07175   0.10727   0.12632   0.12507   0.10319   0.06381   0.01268  -0.04308  -0.09647  -0.14190  -0.17613  -0.19852  -0.21072  -0.21579  -0.21711  -0.21723  -0.21711  -0.21579  -0.21072  -0.19852  -0.17613  -0.14190  -0.09647  -0.04308   0.01268   0.06381   0.10319   0.12507   0.12632   0.10726   0.07174   0.02653  -0.01993  -0.05915  -0.08422  -0.09115
  -0.09050  -0.07496  -0.04178   0.00326   0.05168   0.09394   0.12135   0.12781   0.11099   0.07275   0.01868  -0.04308  -0.10362  -0.15500  -0.19179  -0.21200  -0.21718  -0.21175  -0.20163  -0.19269  -0.18920  -0.19269  -0.20163  -0.21175  -0.21718  -0.21200  -0.19179  -0.15500  -0.10362  -0.04308   0.01869   0.07275   0.11099   0.12781   0.12135   0.09394   0.05168   0.00326  -0.04178  -0.07496  -0.09050
  -0.08691  -0.06359  -0.02379   0.02506   0.07313   0.11020   0.12773   0.12067   0.08861   0.03587  -0.02932  -0.09647  -0.15500  -0.19637  -0.21579  -0.21311  -0.19269  -0.16231  -0.13133  -0.10856  -0.10022  -0.10856  -0.13134  -0.16231  -0.19269  -0.21311  -0.21579  -0.19637  -0.15500  -0.09647  -0.02932   0.03587   0.08861   0.12067   0.12773   0.11020   0.07313   0.02505  -0.02379  -0.06359  -0.08691
  -0.08139  -0.05140  -0.00654   0.04431   0.09027   0.12071   0.12760   0.10728   0.06147  -0.00291  -0.07494  -0.14190  -0.19179  -0.21579  -0.21017  -0.17707  -0.12411  -0.06288  -0.00654   0.03290   0.04704   0.03290  -0.00654  -0.06288  -0.12411  -0.17707  -0.21017  -0.21579  -0.19178  -0.14190  -0.07494  -0.00290   0.06147   0.10728   0.12760   0.12071   0.09027   0.04431  -0.00654  -0.05141  -0.08139
  -0.07496  -0.03952   0.00898   0.06041   0.10309   0.12632   0.12279   0.09040   0.03309  -0.03961  -0.11428  -0.17613  -0.21200  -0.21311  -0.17707  -0.10856  -0.01872   0.07690   0.16122   0.21891   0.23939   0.21890   0.16121   0.07690  -0.01872  -0.10856  -0.17707  -0.21311  -0.21200  -0.17613  -0.11428  -0.03961   0.03310   0.09040   0.12279   0.12632   0.10309   0.06041   0.00898  -0.03952  -0.07496
  -0.06849  -0.02881   0.02211   0.07313   0.11206   0.12829   0.11536   0.07275   0.00654  -0.07136  -0.14523  -0.19852  -0.21718  -0.19269  -0.12411  -0.01872   0.10893   0.23939   0.35185   0.42783   0.45465   0.42782   0.35185   0.23939   0.10892  -0.01872  -0.12411  -0.19270  -0.21718  -0.19852  -0.14523  -0.07136   0.00654   0.07275   0.11536   0.12829   0.11206   0.07313   0.02210  -0.02881  -0.06849
  -0.06273  -0.01993   0.03246   0.08258   0.11789   0.12799   0.10728   0.05666  -0.01591  -0.09647  -0.16740  -0.21072  -0.21175  -0.16231  -0.06288   0.07690   0.23939   0.40176   0.53985   0.63243   0.66500   0.63242   0.53984   0.40175   0.23939   0.07690  -0.06288  -0.16232  -0.21175  -0.21072  -0.16740  -0.09647  -0.01590   0.05667   0.10728   0.12799   0.11789   0.08258   0.03245  -0.01993  -0.06273
  -0.05823  -0.01333   0.03987   0.08902   0.12135   0.12673   0.10025   0.04396  -0.03273  -0.11428  -0.18164  -0.21579  -0.20163  -0.13133  -0.00654   0.16122   0.35185   0.53985   0.69846   0.80431   0.84147   0.80431   0.69846   0.53984   0.35184   0.16121  -0.00654  -0.13134  -0.20163  -0.21579  -0.18164  -0.11428  -0.03273   0.04396   0.10025   0.12674   0.12135   0.08901   0.03987  -0.01333  -0.05823
  -0.05538  -0.00928   0.04431   0.09273   0.12313   0.12554   0.09552   0.03587  -0.04308  -0.12481  -0.18937  -0.21711  -0.19269  -0.10856   0.03290   0.21891   0.42783   0.63243   0.80431   0.91873   0.95885   0.91873   0.80431   0.63242   0.42782   0.21890   0.03289  -0.10857  -0.19270  -0.21711  -0.18937  -0.12481  -0.04308   0.03587   0.09552   0.12554   0.12313   0.09273   0.04431  -0.00928  -0.05538
  -0.05440  -0.00791   0.04579   0.09394   0.12367   0.12507   0.09385   0.03309  -0.04657  -0.12828  -0.19179  -0.21723  -0.18920  -0.10022   0.04704   0.23939   0.45465   0.66500   0.84147   0.95885   1.00000   0.95885   0.84147   0.66499   0.45464   0.23938   0.04704  -0.10023  -0.18920  -0.21723  -0.19178  -0.12828  -0.04657   0.03310   0.09386   0.12507   0.12367   0.09394   0.04579  -0.00791  -0.05440
  -0.05538  -0.00928   0.04431   0.09273   0.12313   0.12554   0.09552   0.03587  -0.04308  -0.12481  -0.18937  -0.21711  -0.19269  -0.10856   0.03290   0.21890   0.42782   0.63242   0.80431   0.91873   0.95885   0.91872   0.80430   0.63242   0.42782   0.21890   0.03289  -0.10857  -0.19270  -0.21711  -0.18937  -0.12481  -0.04308   0.03587   0.09552   0.12554   0.12313   0.09273   0.04431  -0.00928  -0.05538
  -0.05823  -0.01333   0.03987   0.08902   0.12135   0.12673   0.10025   0.04396  -0.03273  -0.11428  -0.18164  -0.21579  -0.20163  -0.13134  -0.00654   0.16121   0.35185   0.53984   0.69846   0.80431   0.84147   0.80430   0.69845   0.53984   0.35184   0.16121  -0.00654  -0.13134  -0.20163  -0.21579  -0.18164  -0.11428  -0.03273   0.04396   0.10025   0.12674   0.12135   0.08901   0.03987  -0.01333  -0.05823
  -0.06273  -0.01993   0.03246   0.08258   0.11789   0.12799   0.10728   0.05667  -0.01591  -0.09647  -0.16740  -0.21072  -0.21175  -0.16231  -0.06288   0.07690   0.23939   0.40175   0.53984   0.63242   0.66499   0.63242   0.53984   0.40175   0.23938   0.07689  -0.06289  -0.16232  -0.21175  -0.21072  -0.16739  -0.09647  -0.01590   0.05667   0.10728   0.12799   0.11789   0.08258   0.03245  -0.01994  -0.06273
  -0.06849  -0.02881   0.02211   0.07313   0.11206   0.12829   0.11536   0.07275   0.00654  -0.07136  -0.14523  -0.19852  -0.21718  -0.19269  -0.12411  -0.01872   0.10892   0.23939   0.35184   0.42782   0.45464   0.42782   0.35184   0.23938   0.10891  -0.01872  -0.12411  -0.19270  -0.21718  -0.19852  -0.14523  -0.07136   0.00654   0.07275   0.11536   0.12829   0.11206   0.07313   0.02210  -0.02881  -0.06849
  -0.07496  -0.03952   0.00898   0.06041   0.10309   0.12632   0.12279   0.09040   0.03309  -0.03961  -0.11428  -0.17613  -0.21200  -0.21311  -0.17707  -0.10856  -0.01872   0.07690   0.16121   0.21890   0.23938   0.21890   0.16121   0.07689  -0.01872  -0.10857  -0.17707  -0.21311  -0.21200  -0.17613  -0.11428  -0.03961   0.03310   0.09040   0.12279   0.12632   0.10309   0.06041   0.00898  -0.03952  -0.07496
  -0.08139  -0.05140  -0.00654   0.04431   0.09027   0.12071   0.12760   0.10728   0.06147  -0.00291  -0.07494  -0.14190  -0.19179  -0.21579  -0.21017  -0.17707  -0.12411  -0.06288  -0.00654   0.03289   0.04704   0.03289  -0.00654  -0.06289  -0.12411  -0.17707  -0.21017  -0.21579  -0.19178  -0.14190  -0.07494  -0.00290   0.06147   0.10728   0.12760   0.12071   0.09026   0.04431  -0.00654  -0.05141  -0.08139
  -0.08691  -0.06359  -0.02379   0.02505   0.07313   0.11020   0.12773   0.12067   0.08861   0.03587  -0.02932  -0.09647  -0.15500  -0.19637  -0.21579  -0.21311  -0.19270  -0.16232  -0.13134  -0.10857  -0.10023  -0.10857  -0.13134  -0.16232  -0.19270  -0.21311  -0.21579  -0.19636  -0.15499  -0.09647  -0.02932   0.03587   0.08861   0.12067   0.12773   0.11020   0.07313   0.02505  -0.02379  -0.06359  -0.08691
  -0.09050  -0.07496  -0.04178   0.00326   0.05168   0.09394   0.12135   0.12781   0.11099   0.07275   0.01869  -0.04308  -0.10362  -0.15500  -0.19178  -0.21200  -0.21718  -0.21175  -0.20163  -0.19270  -0.18920  -0.19270  -0.20163  -0.21175  -0.21718  -0.21200  -0.19178  -0.15499  -0.10362  -0.04308   0.01869   0.07275   0.11099   0.12781   0.12135   0.09394   0.05168   0.00326  -0.04178  -0.07496  -0.09050
  -0.09115  -0.08422  -0.05915  -0.01993   0.02653   0.07174   0.10726   0.12632   0.12507   0.10319   0.06381   0.01268  -0.04308  -0.09647  -0.14190  -0.17613  -0.19852  -0.21072  -0.21579  -0.21711  -0.21723  -0.21711  -0.21579  -0.21072  -0.19852  -0.17613  -0.14190  -0.09647  -0.04308   0.01268   0.06381   0.10319   0.12507   0.12632   0.10726   0.07174   0.02653  -0.01994  -0.05915  -0.08422  -0.09115
  -0.08792  -0.09002  -0.07429  -0.04289  -0.00098   0.04431   0.08519   0.11469   0.12791   0.12279   0.10025   0.06381   0.01869  -0.02932  -0.07494  -0.11428  -0.14523  -0.16740  -0.18164  -0.18937  -0.19178  -0.18937  -0.18164  -0.16739  -0.14523  -0.11428  -0.07494  -0.02932   0.01869   0.06381   0.10025   0.12279   0.12791   0.11469   0.08519   0.04431  -0.00098  -0.04290  -0.07429  -0.09002  -0.08792
  -0.08011  -0.09108  -0.08545  -0.06359  -0.02881   0.01332   0.05606   0.09273   0.11789   0.12820   0.12279   0.10319   0.07275   0.03587  -0.00290  -0.03961  -0.07136  -0.09647  -0.11428  -0.12481  -0.12828  -0.12481  -0.11428  -0.09647  -0.07136  -0.03961  -0.00290   0.03587   0.07275   0.10319   0.12279   0.12820   0.11789   0.09273   0.05606   0.01332  -0.02881  -0.06359  -0.08545  -0.09108  -0.08011
  -0.06741  -0.08644  -0.09097  -0.07980  -0.05440  -0.01863   0.02210   0.06185   0.09514   0.11789   0.12791   0.12507   0.11099   0.08861   0.06147   0.03310   0.00654  -0.01590  -0.03273  -0.04308  -0.04657  -0.04308  -0.03273  -0.01590   0.00654   0.03310   0.06147   0.08861   0.11099   0.12507   0.12791   0.11789   0.09514   0.06184   0.02210  -0.01863  -0.05440  -0.07980  -0.09097  -0.08644  -0.06741
  -0.05004  -0.07559  -0.08957  -0.08941  -0.07496  -0.04830  -0.01333   0.02505   0.06185   0.09273   0.11469   0.12632   0.12781   0.12067   0.10728   0.09040   0.07275   0.05667   0.04396   0.03587   0.03310   0.03587   0.04396   0.05667   0.07275   0.09040   0.10728   0.12067   0.12781   0.12632   0.11469   0.09273   0.06184   0.02505  -0.01333  -0.04830  -0.07496  -0.08941  -0.08957  -0.07559  -0.05004
  -0.02885  -0.05875  -0.08057  -0.09080  -0.08786  -0.07222  -0.04617  -0.01333   0.02210   0.05606   0.08519   0.10726   0.12135   0.12773   0.12760   0.12279   0.11536   0.10728   0.10025   0.09552   0.09386   0.09552   0.10025   0.10728   0.11536   0.12279   0.12760   0.12773   0.12135   0.10726   0.08519   0.05606   0.02210  -0.01333  -0.04617  -0.07222  -0.08786  -0.09080  -0.08057  -0.05874  -0.02884
  -0.00531  -0.03687  -0.06418  -0.08316  -0.09115  -0.08724  -0.07222  -0.04830  -0.01863   0.01332   0.04431   0.07174   0.09394   0.11020   0.12071   0.12632   0.12829   0.12799   0.12674   0.12554   0.12507   0.12554   0.12674   0.12799   0.12829   0.12632   0.12071   0.11020   0.09394   0.07174   0.04431   0.01332  -0.01863  -0.04830  -0.07222  -0.08724  -0.09115  -0.08316  -0.06418  -0.03687  -0.00530
   0.01855  -0.01176  -0.04161  -0.06677  -0.08395  -0.09115  -0.08786  -0.07496  -0.05440  -0.02881  -0.00098   0.02653   0.05168   0.07313   0.09027   0.10309   0.11206   0.11789   0.12135   0.12313   0.12367   0.12313   0.12135   0.11789   0.11206   0.10309   0.09026   0.07313   0.05168   0.02653  -0.00098  -0.02881  -0.05440  -0.07496  -0.08786  -0.09115  -0.08395  -0.06677  -0.04161  -0.01176   0.01855
   0.04035   0.01414  -0.01501  -0.04317  -0.06677  -0.08316  -0.09080  -0.08941  -0.07980  -0.06359  -0.04290  -0.01993   0.00326   0.02505   0.04431   0.06041   0.07313   0.08258   0.08901   0.09273   0.09394   0.09273   0.08901   0.08258   0.07313   0.06041   0.04431   0.02505   0.00326  -0.01994  -0.04290  -0.06359  -0.07980  -0.08941  -0.09080  -0.08316  -0.06677  -0.04317  -0.01501   0.01414   0.04035
   0.05763   0.03796   0.01264  -0.01501  -0.04161  -0.06418  -0.08057  -0.08957  -0.09097  -0.08545  -0.07429  -0.05915  -0.04178  -0.02379  -0.00654   0.00898   0.02210   0.03245   0.03987   0.04431   0.04579   0.04431   0.03987   0.03245   0.02210   0.00898  -0.00654  -0.02379  -0.04178  -0.05915  -0.07429  -0.08545  -0.09097  -0.08957  -0.08057  -0.06418  -0.04161  -0.01501   0.01264   0.03796   0.05763
   0.06825   0.05683   0.03796   0.01414  -0.01176  -0.03687  -0.05875  -0.07559  -0.08644  -0.09108  -0.09002  -0.08422  -0.07496  -0.06359  -0.05141  -0.03952  -0.02881  -0.01993  -0.01333  -0.00928  -0.00791  -0.00928  -0.01333  -0.01994  -0.02881  -0.03952  -0.05141  -0.06359  -0.07496  -0.08422  -0.09002  -0.09108  -0.08644  -0.07559  -0.05874  -0.03687  -0.01176   0.01414   0.03796   0.05683   0.06825
   0.07071   0.06825   0.05763   0.04035   0.01855  -0.00531  -0.02885  -0.05004  -0.06741  -0.08011  -0.08792  -0.09115  -0.09050  -0.08691  -0.08139  -0.07496  -0.06849  -0.06273  -0.05823  -0.05538  -0.05440  -0.05538  -0.05823  -0.06273  -0.06849  -0.07496  -0.08139  -0.08691  -0.09050  -0.09115  -0.08792  -0.08011  -0.06741  -0.05004  -0.02884  -0.00530   0.01855   0.04035   0.05763   0.06825   0.07071

License:
   This document is released into the public domain.

